10
1
0.014988 0.014988 0.014988 0.014988 0.014988 0.096951 0.484406 0.014988 0.262845 0.050880 
11
18
100.000000 100.000000 100.000000 100.000000 100.000000 100.000000 100.000000 100.000000 100.000000 100.000000 -100.000000
-100.000000 0.000000 0.000000 0.000000 0.000000 0.000000 0.000000 0.000000 0.000000 0.000000 0.000000
0.000000 -100.000000 0.000000 0.000000 0.000000 0.000000 0.000000 0.000000 0.000000 0.000000 0.000000
0.000000 0.000000 -100.000000 0.000000 0.000000 0.000000 0.000000 0.000000 0.000000 0.000000 0.000000
0.000000 0.000000 0.000000 -100.000000 0.000000 0.000000 0.000000 0.000000 0.000000 0.000000 0.000000
0.000000 0.000000 0.000000 0.000000 -100.000000 0.000000 0.000000 0.000000 0.000000 0.000000 0.000000
0.000000 0.000000 0.000000 0.000000 0.000000 0.000000 0.000000 -100.000000 0.000000 0.000000 0.000000
-69.302931 69.302931 0.000000 0.000000 0.000000 0.000000 -10.569787 0.171968 2.410537 16.632703 0.000000
0.000000 0.000000 0.000000 0.000000 0.000000 0.000000 -84.658181 0.459385 38.233816 37.026432 0.000000
-68.215531 68.215531 0.000000 0.000000 0.000000 0.000000 5.720380 0.067708 -19.812163 16.371727 0.000000
-65.292725 0.000000 0.000000 65.292725 0.000000 0.000000 -5.474597 0.226823 -10.333283 36.563926 0.000000
0.000000 0.000000 0.000000 0.000000 0.000000 0.000000 -2.149008 -0.174519 17.327974 -98.463662 0.000000
0.000000 0.000000 0.000000 0.000000 0.000000 0.000000 24.310283 0.336902 -64.540586 72.411390 0.000000
57.599762 0.000000 0.000000 0.000000 0.000000 -57.599762 -14.034659 0.142927 28.749794 48.383800 0.000000
-55.062273 0.000000 0.000000 0.000000 55.062273 0.000000 2.338127 0.218610 -42.326130 46.252310 0.000000
-68.752604 0.000000 68.752604 0.000000 0.000000 0.000000 -1.585490 0.068241 -23.316100 0.000000 0.000000
-64.616149 0.000000 0.000000 0.000000 0.000000 64.616149 7.616442 0.096203 -39.893448 0.000000 0.000000
-68.405258 0.000000 68.405258 0.000000 0.000000 0.000000 4.159527 0.000000 -24.982790 0.000000 0.000000
