9
20
-0.000000 142.857143 142.857143 142.857143 285.714286 -0.000000 142.857143 142.857143 0.000000 
-0.000000 0.000000 333.333333 333.333333 333.333333 -0.000000 0.000000 -0.000000 -0.000000 
-0.000000 -0.000000 500.000000 -0.000000 500.000000 -0.000000 -0.000000 -0.000000 -0.000000 
0.000000 125.000000 250.000000 125.000000 250.000000 0.000000 125.000000 125.000000 0.000000 
0.000000 142.857143 285.714286 142.857143 285.714286 0.000000 142.857143 0.000000 0.000000 
0.000000 0.000000 200.000000 200.000000 400.000000 200.000000 0.000000 -0.000000 0.000000 
-0.000000 -0.000000 250.000000 -0.000000 500.000000 250.000000 -0.000000 -0.000000 -0.000000 
-0.000000 0.000000 0.000000 -0.000000 1000.000000 -0.000000 -0.000000 -0.000000 -0.000000 
0.000000 166.666667 166.666667 166.666667 333.333333 0.000000 166.666667 0.000000 0.000000 
-0.000000 250.000000 250.000000 250.000000 250.000000 -0.000000 -0.000000 -0.000000 -0.000000 
250.000000 250.000000 250.000000 250.000000 0.000000 -0.000000 0.000000 -0.000000 -0.000000 
0.000000 0.000000 -0.000000 -0.000000 -0.000000 -0.000000 -0.000000 -0.000000 1000.000000 
0.000000 0.000000 0.000000 -0.000000 0.000000 0.000000 0.000000 0.000000 0.000000 
-0.000000 0.000000 166.666667 166.666667 333.333333 166.666667 166.666667 -0.000000 0.000000 
-0.000000 -0.000000 166.666667 166.666667 333.333333 -0.000000 166.666667 166.666667 -0.000000 
-0.000000 -0.000000 200.000000 -0.000000 400.000000 200.000000 200.000000 -0.000000 -0.000000 
-0.000000 0.000000 125.000000 125.000000 375.000000 125.000000 250.000000 -0.000000 -0.000000 
-0.000000 -0.000000 200.000000 200.000000 400.000000 -0.000000 200.000000 -0.000000 -0.000000 
-0.000000 -0.000000 -0.000000 -0.000000 250.000000 250.000000 250.000000 250.000000 -0.000000 
0.000000 100.000000 200.000000 100.000000 300.000000 100.000000 200.000000 -0.000000 -0.000000 
14
0
1
2
3
4
5
6
7
8
9
10
11
12
13
