9
1
47.619048 95.238095 190.476190 142.857143 238.095238 47.619048 95.238095 47.619048 47.619048 
10
14
-100.000000 0.000000 0.000000 0.000000 0.000000 0.000000 0.000000 0.000000 0.000000 0.000000
0.000000 0.000000 0.000000 0.000000 0.000000 -100.000000 0.000000 0.000000 0.000000 0.000000
0.000000 0.000000 0.000000 0.000000 0.000000 0.000000 0.000000 -100.000000 0.000000 0.000000
0.000000 0.000000 0.000000 0.000000 0.000000 0.000000 0.000000 0.000000 -100.000000 0.000000
100.000000 100.000000 100.000000 100.000000 100.000000 100.000000 100.000000 100.000000 100.000000 -100000.000000
0.000000 100.000000 -100.000000 0.000000 0.000000 100.000000 0.000000 -100.000000 0.000000 0.000000
0.000000 0.000000 -100.000000 100.000000 0.000000 0.000000 0.000000 0.000000 0.000000 0.000000
0.000000 0.000000 0.000000 0.000000 0.000000 0.000000 -100.000000 100.000000 0.000000 0.000000
100.000000 -100.000000 0.000000 0.000000 0.000000 0.000000 0.000000 0.000000 0.000000 0.000000
0.000000 100.000000 0.000000 -100.000000 0.000000 0.000000 0.000000 0.000000 0.000000 0.000000
-100.000000 0.000000 0.000000 100.000000 -100.000000 0.000000 100.000000 0.000000 0.000000 0.000000
100.000000 0.000000 0.000000 -100.000000 0.000000 -100.000000 100.000000 0.000000 0.000000 0.000000
-100.000000 0.000000 100.000000 0.000000 -100.000000 100.000000 0.000000 0.000000 0.000000 0.000000
0.000000 -100.000000 100.000000 0.000000 -100.000000 0.000000 100.000000 0.000000 0.000000 0.000000
